**Script output**::

  Corr(X)
  [[ 1.    0.5  -0.07  0.04]
   [ 0.5   1.    0.07  0.06]
   [-0.07  0.07  1.    0.5 ]
   [ 0.04  0.06  0.5   1.  ]]
  Corr(Y)
  [[ 1.    0.46 -0.04  0.01]
   [ 0.46  1.   -0.04 -0.02]
   [-0.04 -0.04  1.    0.54]
   [ 0.01 -0.02  0.54  1.  ]]
  True B (such that: Y = XB + Err)
  [[1 1 1]
   [2 2 2]
   [0 0 0]
   [0 0 0]
   [0 0 0]
   [0 0 0]
   [0 0 0]
   [0 0 0]
   [0 0 0]
   [0 0 0]]
  Estimated B
  [[ 1.   1.   1. ]
   [ 2.   2.1  2. ]
   [ 0.  -0.   0. ]
   [-0.   0.  -0. ]
   [-0.1  0.  -0. ]
   [ 0.  -0.   0. ]
   [ 0.   0.  -0. ]
   [ 0.   0.   0. ]
   [-0.   0.   0. ]
   [-0.  -0.  -0. ]]
  Estimated betas
  [[ 1.]
   [ 2.]
   [ 0.]
   [-0.]
   [-0.]
   [-0.]
   [-0.]
   [ 0.]
   [ 0.]
   [ 0.]]

